[ 1.0000e-01  1.0000e-05  2.0000e-01 -4.1564e-01]
[ 1.0000e-01  1.0000e-05  4.0000e-01 -5.4986e-01]
[ 1.0000e-01  1.0000e-05  6.0000e-01 -3.2854e-01]
[ 1.0000e-01  1.0000e-05  8.0000e-01 -1.5266e-01]
[ 1.0000e-01  1.0000e-04  2.0000e-01 -2.2814e-01]
[ 1.0000e-01  1.0000e-04  4.0000e-01 -2.5492e-01]
[ 1.0000e-01  1.0000e-04  6.0000e-01 -2.7433e-01]
[ 1.0000e-01  1.0000e-04  8.0000e-01 -2.2456e-01]
[ 0.1      0.001    0.2     -0.13786]
[ 0.1      0.001    0.4     -0.12646]
[ 0.1      0.001    0.6     -0.15467]
[ 0.1      0.001    0.8     -0.15088]
[ 0.1      0.01     0.2     -0.11609]
[ 0.1      0.01     0.4     -0.13104]
[ 0.1      0.01     0.6     -0.14594]
[ 0.1      0.01     0.8     -0.15393]
[ 2.000e-01  1.000e-05  2.000e-01 -3.966e-01]
[ 2.0000e-01  1.0000e-05  4.0000e-01 -3.2568e-01]
[ 2.0000e-01  1.0000e-05  6.0000e-01 -4.4729e-01]
[ 2.0000e-01  1.0000e-05  8.0000e-01 -2.7257e-01]
[ 2.0000e-01  1.0000e-04  2.0000e-01 -2.7364e-01]
[ 2.000e-01  1.000e-04  4.000e-01 -3.134e-01]
[ 2.0000e-01  1.0000e-04  6.0000e-01 -3.1507e-01]
[ 2.0000e-01  1.0000e-04  8.0000e-01 -2.1738e-01]
[ 0.2      0.001    0.2     -0.16609]
[ 0.2      0.001    0.4     -0.16564]
[ 0.2      0.001    0.6     -0.17933]
[ 0.2      0.001    0.8     -0.18261]
[ 0.2      0.01     0.2     -0.14906]
[ 0.2     0.01    0.4    -0.1643]
[ 0.2      0.01     0.6     -0.17565]
[ 0.2      0.01     0.8     -0.18969]
[ 3.0000e-01  1.0000e-05  2.0000e-01 -3.8909e-01]
[ 3.000e-01  1.000e-05  4.000e-01 -4.357e-01]
[ 3.0000e-01  1.0000e-05  6.0000e-01 -2.1016e-01]
[ 3.0000e-01  1.0000e-05  8.0000e-01 -5.0358e-01]
[ 3.0000e-01  1.0000e-04  2.0000e-01 -2.1683e-01]
[ 3.0000e-01  1.0000e-04  4.0000e-01 -2.7254e-01]
[ 3.0000e-01  1.0000e-04  6.0000e-01 -2.2169e-01]
[ 3.0000e-01  1.0000e-04  8.0000e-01 -2.4952e-01]
[ 0.3      0.001    0.2     -0.19785]
[ 0.3      0.001    0.4     -0.19515]
[ 0.3      0.001    0.6     -0.20854]
[ 0.3      0.001    0.8     -0.20788]
[ 0.3     0.01    0.2    -0.1864]
[ 0.3      0.01     0.4     -0.19589]
[ 0.3      0.01     0.6     -0.21322]
[ 0.3      0.01     0.8     -0.21114]
[ 4.0000e-01  1.0000e-05  2.0000e-01 -3.6016e-01]
[ 4.0000e-01  1.0000e-05  4.0000e-01 -2.9759e-01]
[ 4.0000e-01  1.0000e-05  6.0000e-01 -3.0633e-01]
[ 4.0000e-01  1.0000e-05  8.0000e-01 -3.1154e-01]
[ 4.0000e-01  1.0000e-04  2.0000e-01 -2.6591e-01]
[ 4.0000e-01  1.0000e-04  4.0000e-01 -2.6287e-01]
[ 4.0000e-01  1.0000e-04  6.0000e-01 -2.2726e-01]
[ 4.0000e-01  1.0000e-04  8.0000e-01 -2.3982e-01]
[ 0.4      0.001    0.2     -0.22219]
[ 0.4      0.001    0.4     -0.22372]
[ 0.4      0.001    0.6     -0.24514]
[ 0.4      0.001    0.8     -0.23574]
[ 0.4      0.01     0.2     -0.21429]
[ 0.4     0.01    0.4    -0.2271]
[ 0.4     0.01    0.6    -0.2416]
[ 0.4      0.01     0.8     -0.25678]
